0 199003
10 368022
20 510042
30 527985
40 506530
50 472240
60 418450
70 375989
80 325985
90 283270
100 246876
110 216853
120 184384
130 159579
140 140591
150 120964
160 105794
170 93196
180 79598
190 70488
200 63234
210 54704
220 48015
230 41810
240 36020
250 31926
260 27599
270 24334
280 21940
290 19210
300 16913
310 14447
320 13416
330 11803
340 10389
350 9194
360 8393
370 7480
380 6236
390 5737
400 5147
410 4530
420 4266
430 3678
440 3542
450 2826
460 2758
470 2355
480 2211
490 2492
500 1886
510 1643
520 1539
530 1290
540 1210
550 1261
560 1866
570 1480
580 784
590 1109
600 794
610 530
620 568
630 656
640 949
650 436
660 359
670 374
680 327
690 260
700 281
710 228
720 260
730 213
740 166
750 175
760 165
770 214
780 160
790 211
800 119
810 102
820 115
830 98
840 66
850 74
860 77
870 72
880 110
890 54
900 35
910 30
920 41
930 37
940 46
950 24
960 38
970 20
980 26
990 34
1000 37
1010 19
1020 22
1030 16
1040 21
1050 13
1060 20
1070 16
1080 24
1090 13
1100 13
1110 60
1120 9
1130 7
1140 11
1150 9
1160 10
1170 10
1180 3
1190 9
1200 4
1210 48
1220 5
1230 3
1240 6
1250 19
1260 8
1270 12
1280 4
1290 3
1300 2
1310 2
1320 4
1330 2
1350 5
1360 6
1370 6
1380 7
1390 3
1400 9
1430 2
1440 2
1450 1
1460 3
1480 3
1500 2
1520 1
1530 2
1540 3
1570 1
1580 1
1590 1
1610 1
1620 1
1630 1
1700 2
1710 3
1720 2
1780 1
1880 1
1910 1
1950 1
1970 1
2000 1
2010 1
2020 1
2150 2
2160 1
2180 1
2190 1
2240 1
2250 1
2410 2
2530 1
2620 1
2960 1
3890 1
