0 188565
10 342082
20 475831
30 498906
40 483609
50 452263
60 409289
70 371031
80 327277
90 286477
100 252973
110 222684
120 194256
130 168369
140 147589
150 129893
160 113244
170 100785
180 87261
190 77198
200 69195
210 61178
220 52726
230 46947
240 40725
250 36127
260 31547
270 27902
280 24912
290 22266
300 19777
310 16841
320 15649
330 14126
340 12364
350 10883
360 9733
370 8667
380 7282
390 7237
400 6363
410 5689
420 5106
430 4251
440 3988
450 3572
460 3300
470 2998
480 2683
490 2874
500 2132
510 2148
520 1899
530 1581
540 1474
550 1555
560 2225
570 1694
580 1101
590 1260
600 931
610 856
620 732
630 830
640 1197
650 513
660 485
670 491
680 405
690 356
700 361
710 308
720 306
730 337
740 249
750 218
760 186
770 237
780 202
790 303
800 162
810 127
820 170
830 120
840 97
850 101
860 100
870 83
880 158
890 76
900 70
910 69
920 52
930 57
940 38
950 54
960 50
970 41
980 32
990 49
1000 44
1010 30
1020 50
1030 39
1040 22
1050 6
1060 21
1070 37
1080 44
1090 16
1100 24
1110 31
1120 15
1130 17
1140 18
1150 14
1160 14
1170 21
1180 16
1190 17
1200 9
1210 52
1220 11
1230 11
1240 15
1250 16
1260 11
1270 21
1280 4
1290 5
1300 5
1310 3
1320 4
1330 7
1340 7
1350 6
1360 5
1370 6
1380 4
1390 5
1400 6
1410 1
1420 5
1430 6
1440 2
1450 13
1460 2
1470 4
1480 3
1490 6
1500 3
1520 3
1530 1
1540 2
1560 2
1570 2
1590 1
1600 2
1630 1
1640 1
1660 2
1670 5
1680 2
1700 2
1710 2
1720 3
1730 8
1750 2
1780 1
1800 2
1810 2
1820 1
1840 1
1880 14
1980 1
2030 1
2100 1
2110 1
2160 1
2210 1
2230 1
2320 1
2350 1
2360 1
2380 1
2410 2
2560 1
2690 1
2700 2
2720 1
2730 1
2750 1
2770 1
2780 1
3190 1
4240 1
6360 1
