0 38
10 490
20 1135
30 2176
40 2919
50 3183
60 3605
70 3557
80 3438
90 2881
100 2697
110 2327
120 2064
130 1737
140 1466
150 1248
160 1111
170 962
180 781
190 714
200 665
210 606
220 504
230 432
240 423
250 416
260 346
270 286
280 263
290 263
300 185
310 187
320 181
330 142
340 148
350 136
360 139
370 131
380 102
390 111
400 113
410 89
420 78
430 61
440 86
450 64
460 61
470 81
480 36
490 51
500 40
510 50
520 54
530 44
540 27
550 32
560 33
570 27
580 24
590 25
600 24
610 16
620 32
630 29
640 23
650 38
660 17
670 14
680 13
690 15
700 7
710 9
720 13
730 15
740 6
750 5
760 5
770 12
780 5
790 8
800 5
810 9
820 4
830 4
840 8
850 5
860 12
870 8
880 5
890 5
900 5
910 2
920 3
930 1
940 5
950 2
970 1
980 4
990 3
1000 4
1010 4
1020 1
1030 3
1040 1
1060 2
1070 1
1080 2
1090 1
1120 2
1130 1
1150 2
1160 1
1170 2
1190 1
1200 3
1220 3
1230 3
1250 1
1260 1
1270 1
1310 1
1350 2
1390 1
1410 1
1430 1
1450 1
1470 1
1530 2
1550 3
1900 1
1940 1
2000 1
2010 1
